8,14/12/08 09:22:48,94797269326,SUPPLIER7,0,0,0,5921630195663310,6125,OracHttp__12,,5,6,,0,0,,1,0,158,0,0,0,,0,0,0,0,0,0,94797269326,SUPPLIER7,,
8,14/12/08 09:22:48,94797269326,SUPPLIER7,0,0,0,5921630195663484,6125,OracHttp__12,,5,6,,0,0,,1,0,158,0,0,0,,0,0,0,0,0,0,94797269326,SUPPLIER7,,
8,14/12/08 09:22:48,94797269326,SUPPLIER7,0,0,0,5921630195671556,6125,OracHttp__12,,5,6,,0,0,,1,0,158,0,0,0,,0,0,0,0,0,0,94797269326,SUPPLIER7,,
8,14/12/08 09:22:48,94797269326,SUPPLIER7,0,0,0,5921630195736902,6125,OracHttp__12,,5,6,,0,0,,1,0,158,0,0,0,,0,0,0,0,0,0,94797269326,SUPPLIER7,,
8,14/12/08 09:22:48,94797269326,SUPPLIER7,0,0,0,5921630195737085,6125,OracHttp__12,,5,6,,0,0,,1,0,158,0,0,0,,0,0,0,0,0,0,94797269326,SUPPLIER7,,
8,14/12/08 09:22:48,94797269326,SUPPLIER7,0,0,0,5921630195760085,6125,OracHttp__12,,5,6,,0,0,,1,0,158,0,0,0,,0,0,0,0,0,0,94797269326,SUPPLIER7,,
8,14/12/08 09:22:48,94797269326,SUPPLIER7,0,0,0,5921630195772146,6125,OracHttp__12,,5,6,,0,0,,1,0,158,0,0,0,,0,0,0,0,0,0,94797269326,SUPPLIER7,,
8,14/12/08 09:22:48,94797269326,SUPPLIER7,0,0,0,5921630195785139,6125,OracHttp__12,,5,6,,0,0,,1,0,158,0,0,0,,0,0,0,0,0,0,94797269326,SUPPLIER7,,
8,14/12/08 09:22:48,94797269326,SUPPLIER7,0,0,0,5921630195793462,6125,OracHttp__12,,5,6,,0,0,,1,0,158,0,0,0,,0,0,0,0,0,0,94797269326,SUPPLIER7,,
8,14/12/08 09:22:48,94797269326,SUPPLIER7,0,0,0,5921630195793642,6125,OracHttp__12,,5,6,,0,0,,1,0,158,0,0,0,,0,0,0,0,0,0,94797269326,SUPPLIER7,,
8,14/12/08 09:22:48,94797269326,SUPPLIER7,0,0,0,5921630195799588,6125,OracHttp__12,,5,6,,0,0,,1,0,158,0,0,0,,0,0,0,0,0,0,94797269326,SUPPLIER7,,
8,14/12/08 09:22:48,94797269326,SUPPLIER7,0,0,0,5921630195809929,6125,OracHttp__12,,5,6,,0,0,,1,0,158,0,0,0,,0,0,0,0,0,0,94797269326,SUPPLIER7,,
8,14/12/08 09:22:48,94797269326,SUPPLIER7,0,0,0,5921630195809989,6125,OracHttp__12,,5,6,,0,0,,1,0,158,0,0,0,,0,0,0,0,0,0,94797269326,SUPPLIER7,,
8,14/12/08 09:22:48,94797269326,SUPPLIER7,0,0,0,5921630195810221,6125,OracHttp__12,,5,6,,0,0,,1,0,158,0,0,0,,0,0,0,0,0,0,94797269326,SUPPLIER7,,
8,14/12/08 09:22:48,94797269326,SUPPLIER7,0,0,0,5921630195810271,6125,OracHttp__12,,5,6,,0,0,,1,0,158,0,0,0,,0,0,0,0,0,0,94797269326,SUPPLIER7,,
8,14/12/08 09:22:48,94797269326,SUPPLIER7,0,0,0,5921630195834248,6125,OracHttp__12,,5,6,,0,0,,1,0,158,0,0,0,,0,0,0,0,0,0,94797269326,SUPPLIER7,,
8,14/12/08 09:22:48,94797269326,SUPPLIER7,0,0,0,5921630195834316,6125,OracHttp__12,,5,6,,0,0,,1,0,158,0,0,0,,0,0,0,0,0,0,94797269326,SUPPLIER7,,
8,14/12/08 09:22:48,94797269326,SUPPLIER7,0,0,0,5921630195834369,6125,OracHttp__12,,5,6,,0,0,,1,0,158,0,0,0,,0,0,0,0,0,0,94797269326,SUPPLIER7,,
8,14/12/08 09:22:48,94797269326,SUPPLIER7,0,0,0,5921630195834417,6125,OracHttp__12,,5,6,,0,0,,1,0,158,0,0,0,,0,0,0,0,0,0,94797269326,SUPPLIER7,,
8,14/12/08 09:22:48,94797269326,SUPPLIER7,0,0,0,5921630195840476,6125,OracHttp__12,,5,6,,0,0,,1,0,158,0,0,0,,0,0,0,0,0,0,94797269326,SUPPLIER7,,
8,14/12/08 09:22:48,94797269326,SUPPLIER7,0,0,0,5921630195840534,6125,OracHttp__12,,5,6,,0,0,,1,0,158,0,0,0,,0,0,0,0,0,0,94797269326,SUPPLIER7,,
8,14/12/08 09:22:48,94797269326,SUPPLIER7,0,0,0,5921630195849956,6125,OracHttp__12,,5,6,,0,0,,1,0,158,0,0,0,,0,0,0,0,0,0,94797269326,SUPPLIER7,,
8,14/12/08 09:22:48,94797269326,SUPPLIER7,0,0,0,5921630195850035,6125,OracHttp__12,,5,6,,0,0,,1,0,158,0,0,0,,0,0,0,0,0,0,94797269326,SUPPLIER7,,
8,14/12/08 09:22:48,94797269326,SUPPLIER7,0,0,0,5921630195850352,6125,OracHttp__12,,5,6,,0,0,,1,0,158,0,0,0,,0,0,0,0,0,0,94797269326,SUPPLIER7,,
8,14/12/08 09:22:48,94797269326,SUPPLIER7,0,0,0,5921630195850225,6125,OracHttp__12,,5,6,,0,0,,1,0,158,0,0,0,,0,0,0,0,0,0,94797269326,SUPPLIER7,,
8,14/12/08 09:22:48,94797269326,SUPPLIER7,0,0,0,5921630195850657,6125,OracHttp__12,,5,6,,0,0,,1,0,158,0,0,0,,0,0,0,0,0,0,94797269326,SUPPLIER7,,
8,14/12/08 09:22:48,94797269326,SUPPLIER7,0,0,0,5921630195873465,6125,OracHttp__12,,5,6,,0,0,,1,0,158,0,0,0,,0,0,0,0,0,0,94797269326,SUPPLIER7,,
8,14/12/08 09:22:48,94797269326,SUPPLIER7,0,0,0,5921630195873421,6125,OracHttp__12,,5,6,,0,0,,1,0,158,0,0,0,,0,0,0,0,0,0,94797269326,SUPPLIER7,,
8,14/12/08 09:22:48,94797269326,SUPPLIER7,0,0,0,5921630195873641,6125,OracHttp__12,,5,6,,0,0,,1,0,158,0,0,0,,0,0,0,0,0,0,94797269326,SUPPLIER7,,
8,14/12/08 09:22:48,94797269326,SUPPLIER7,0,0,0,5921630195881198,6125,OracHttp__12,,5,6,,0,0,,1,0,158,0,0,0,,0,0,0,0,0,0,94797269326,SUPPLIER7,,
8,14/12/08 09:22:48,94797269326,SUPPLIER7,0,0,0,5921630195881142,6125,OracHttp__12,,5,6,,0,0,,1,0,158,0,0,0,,0,0,0,0,0,0,94797269326,SUPPLIER7,,
8,14/12/08 09:22:48,94797269326,SUPPLIER7,0,0,0,5921630195881283,6125,OracHttp__12,,5,6,,0,0,,1,0,158,0,0,0,,0,0,0,0,0,0,94797269326,SUPPLIER7,,
8,14/12/08 09:22:48,94797269326,SUPPLIER7,0,0,0,5921630195888999,6125,OracHttp__12,,5,6,,0,0,,1,0,158,0,0,0,,0,0,0,0,0,0,94797269326,SUPPLIER7,,
8,14/12/08 09:22:48,94797269326,SUPPLIER7,0,0,0,5921630195888980,6125,OracHttp__12,,5,6,,0,0,,1,0,158,0,0,0,,0,0,0,0,0,0,94797269326,SUPPLIER7,,
8,14/12/08 09:22:48,94797269326,SUPPLIER7,0,0,0,5921630195889195,6125,OracHttp__12,,5,6,,0,0,,1,0,158,0,0,0,,0,0,0,0,0,0,94797269326,SUPPLIER7,,
8,14/12/08 09:22:48,94797269326,SUPPLIER7,0,0,0,5921630195897325,6125,OracHttp__12,,5,6,,0,0,,1,0,158,0,0,0,,0,0,0,0,0,0,94797269326,SUPPLIER7,,
8,14/12/08 09:22:48,94797269326,SUPPLIER7,0,0,0,5921630195897481,6125,OracHttp__12,,5,6,,0,0,,1,0,158,0,0,0,,0,0,0,0,0,0,94797269326,SUPPLIER7,,
8,14/12/08 09:22:48,94797269326,SUPPLIER7,0,0,0,5921630195913066,6125,OracHttp__12,,5,6,,0,0,,1,0,158,0,0,0,,0,0,0,0,0,0,94797269326,SUPPLIER7,,
8,14/12/08 09:22:48,94797269326,SUPPLIER7,0,0,0,5921630195913126,6125,OracHttp__12,,5,6,,0,0,,1,0,158,0,0,0,,0,0,0,0,0,0,94797269326,SUPPLIER7,,
8,14/12/08 09:22:48,94797269326,SUPPLIER7,0,0,0,5921630195920962,6125,OracHttp__12,,5,6,,0,0,,1,0,158,0,0,0,,0,0,0,0,0,0,94797269326,SUPPLIER7,,
8,14/12/08 09:22:48,94797269326,SUPPLIER7,0,0,0,5921630195921018,6125,OracHttp__12,,5,6,,0,0,,1,0,158,0,0,0,,0,0,0,0,0,0,94797269326,SUPPLIER7,,
8,14/12/08 09:22:48,94797269326,SUPPLIER7,0,0,0,5921630195922235,6125,OracHttp__12,,5,6,,0,0,,1,0,158,0,0,0,,0,0,0,0,0,0,94797269326,SUPPLIER7,,
8,14/12/08 09:22:48,94797269326,SUPPLIER7,0,0,0,5921630195922377,6125,OracHttp__12,,5,6,,0,0,,1,0,158,0,0,0,,0,0,0,0,0,0,94797269326,SUPPLIER7,,
8,14/12/08 09:22:48,94797269326,SUPPLIER7,0,0,0,5921630195928761,6125,OracHttp__12,,5,6,,0,0,,1,0,158,0,0,0,,0,0,0,0,0,0,94797269326,SUPPLIER7,,
8,14/12/08 09:22:48,94797269326,SUPPLIER7,0,0,0,5921630195928834,6125,OracHttp__12,,5,6,,0,0,,1,0,158,0,0,0,,0,0,0,0,0,0,94797269326,SUPPLIER7,,
8,14/12/08 09:22:48,94797269326,SUPPLIER7,0,0,0,5921630195929414,6125,OracHttp__12,,5,6,,0,0,,1,0,158,0,0,0,,0,0,0,0,0,0,94797269326,SUPPLIER7,,
8,14/12/08 09:22:48,94797269326,SUPPLIER7,0,0,0,5921630195955372,6125,OracHttp__12,,5,6,,0,0,,1,0,158,0,0,0,,0,0,0,0,0,0,94797269326,SUPPLIER7,,
8,14/12/08 09:22:48,94797269326,SUPPLIER7,0,0,0,5921630195955823,6125,OracHttp__12,,5,6,,0,0,,1,0,158,0,0,0,,0,0,0,0,0,0,94797269326,SUPPLIER7,,
8,14/12/08 09:22:48,94797269326,SUPPLIER7,0,0,0,5921630195955845,6125,OracHttp__12,,5,6,,0,0,,1,0,158,0,0,0,,0,0,0,0,0,0,94797269326,SUPPLIER7,,
8,14/12/08 09:22:48,94797269326,SUPPLIER7,0,0,0,5921630195956112,6125,OracHttp__12,,5,6,,0,0,,1,0,158,0,0,0,,0,0,0,0,0,0,94797269326,SUPPLIER7,,
8,14/12/08 09:22:48,94797269326,SUPPLIER7,0,0,0,5921630195956064,6125,OracHttp__12,,5,6,,0,0,,1,0,158,0,0,0,,0,0,0,0,0,0,94797269326,SUPPLIER7,,
8,14/12/08 09:22:48,94797269326,SUPPLIER7,0,0,0,5921630195956010,6125,OracHttp__12,,5,6,,0,0,,1,0,158,0,0,0,,0,0,0,0,0,0,94797269326,SUPPLIER7,,
8,14/12/08 09:22:48,94797269326,SUPPLIER7,0,0,0,5921630195961692,6125,OracHttp__12,,5,6,,0,0,,1,0,158,0,0,0,,0,0,0,0,0,0,94797269326,SUPPLIER7,,
8,14/12/08 09:22:48,94797269326,SUPPLIER7,0,0,0,5921630195961846,6125,OracHttp__12,,5,6,,0,0,,1,0,158,0,0,0,,0,0,0,0,0,0,94797269326,SUPPLIER7,,
8,14/12/08 09:22:48,94797269326,SUPPLIER7,0,0,0,5921630195961998,6125,OracHttp__12,,5,6,,0,0,,1,0,158,0,0,0,,0,0,0,0,0,0,94797269326,SUPPLIER7,,
8,14/12/08 09:22:48,94797269326,SUPPLIER7,0,0,0,5921630195976167,6125,OracHttp__12,,5,6,,0,0,,1,0,158,0,0,0,,0,0,0,0,0,0,94797269326,SUPPLIER7,,
8,14/12/08 09:22:48,94797269326,SUPPLIER7,0,0,0,5921630195976220,6125,OracHttp__12,,5,6,,0,0,,1,0,158,0,0,0,,0,0,0,0,0,0,94797269326,SUPPLIER7,,
8,14/12/08 09:22:48,94797269326,SUPPLIER7,0,0,0,5921630195977123,6125,OracHttp__12,,5,6,,0,0,,1,0,158,0,0,0,,0,0,0,0,0,0,94797269326,SUPPLIER7,,
8,14/12/08 09:22:48,94797269326,SUPPLIER7,0,0,0,5921630195977641,6125,OracHttp__12,,5,6,,0,0,,1,0,158,0,0,0,,0,0,0,0,0,0,94797269326,SUPPLIER7,,
8,14/12/08 09:22:48,94797269326,SUPPLIER7,0,0,0,5921630195977895,6125,OracHttp__12,,5,6,,0,0,,1,0,158,0,0,0,,0,0,0,0,0,0,94797269326,SUPPLIER7,,
8,14/12/08 09:22:48,94797269326,SUPPLIER7,0,0,0,5921630195991817,6125,OracHttp__12,,5,6,,0,0,,1,0,158,0,0,0,,0,0,0,0,0,0,94797269326,SUPPLIER7,,
8,14/12/08 09:22:48,94797269326,SUPPLIER7,0,0,0,5921630195992349,6125,OracHttp__12,,5,6,,0,0,,1,0,158,0,0,0,,0,0,0,0,0,0,94797269326,SUPPLIER7,,
8,14/12/08 09:22:48,94797269326,SUPPLIER7,0,0,0,5921630195992303,6125,OracHttp__12,,5,6,,0,0,,1,0,158,0,0,0,,0,0,0,0,0,0,94797269326,SUPPLIER7,,
8,14/12/08 09:22:48,94797269326,SUPPLIER7,0,0,0,5921630195993512,6125,OracHttp__12,,5,6,,0,0,,1,0,158,0,0,0,,0,0,0,0,0,0,94797269326,SUPPLIER7,,
8,14/12/08 09:22:48,94797269326,SUPPLIER7,0,0,0,5921630195993462,6125,OracHttp__12,,5,6,,0,0,,1,0,158,0,0,0,,0,0,0,0,0,0,94797269326,SUPPLIER7,,
8,14/12/08 09:22:48,94797269326,SUPPLIER7,0,0,0,5921630195994449,6125,OracHttp__12,,5,6,,0,0,,1,0,158,0,0,0,,0,0,0,0,0,0,94797269326,SUPPLIER7,,
8,14/12/08 09:22:48,94797269326,SUPPLIER7,0,0,0,5921630195994676,6125,OracHttp__12,,5,6,,0,0,,1,0,158,0,0,0,,0,0,0,0,0,0,94797269326,SUPPLIER7,,
8,14/12/08 09:22:48,94797269326,SUPPLIER7,0,0,0,5921630195995027,6125,OracHttp__12,,5,6,,0,0,,1,0,158,0,0,0,,0,0,0,0,0,0,94797269326,SUPPLIER7,,
8,14/12/08 09:22:48,94797269326,SUPPLIER7,0,0,0,5921630196005165,6125,OracHttp__12,,5,6,,0,0,,1,0,158,0,0,0,,0,0,0,0,0,0,94797269326,SUPPLIER7,,
8,14/12/08 09:22:48,94797269326,SUPPLIER7,0,0,0,5921630196005218,6125,OracHttp__12,,5,6,,0,0,,1,0,158,0,0,0,,0,0,0,0,0,0,94797269326,SUPPLIER7,,
8,14/12/08 09:22:48,94797269326,SUPPLIER7,0,0,0,5921630196019738,6125,OracHttp__12,,5,6,,0,0,,1,0,158,0,0,0,,0,0,0,0,0,0,94797269326,SUPPLIER7,,
8,14/12/08 09:22:48,94797269326,SUPPLIER7,0,0,0,5921630196036502,6125,OracHttp__12,,5,6,,0,0,,1,0,158,0,0,0,,0,0,0,0,0,0,94797269326,SUPPLIER7,,
8,14/12/08 09:22:48,94797269326,SUPPLIER7,0,0,0,5921630196037301,6125,OracHttp__12,,5,6,,0,0,,1,0,158,0,0,0,,0,0,0,0,0,0,94797269326,SUPPLIER7,,
8,14/12/08 09:22:48,94797269326,SUPPLIER7,0,0,0,5921630196044785,6125,OracHttp__12,,5,6,,0,0,,1,0,158,0,0,0,,0,0,0,0,0,0,94797269326,SUPPLIER7,,
8,14/12/08 09:22:48,94797269326,SUPPLIER7,0,0,0,5921630196044761,6125,OracHttp__12,,5,6,,0,0,,1,0,158,0,0,0,,0,0,0,0,0,0,94797269326,SUPPLIER7,,
8,14/12/08 09:22:48,94797269326,SUPPLIER7,0,0,0,5921630196045710,6125,OracHttp__12,,5,6,,0,0,,1,0,158,0,0,0,,0,0,0,0,0,0,94797269326,SUPPLIER7,,
8,14/12/08 09:22:48,94797269326,SUPPLIER7,0,0,0,5921630196046739,6125,OracHttp__12,,5,6,,0,0,,1,0,158,0,0,0,,0,0,0,0,0,0,94797269326,SUPPLIER7,,
8,14/12/08 09:22:48,94797269326,SUPPLIER7,0,0,0,5921630196052688,6125,OracHttp__12,,5,6,,0,0,,1,0,158,0,0,0,,0,0,0,0,0,0,94797269326,SUPPLIER7,,
8,14/12/08 09:22:48,94797269326,SUPPLIER7,0,0,0,5921630196068143,6125,OracHttp__12,,5,6,,0,0,,1,0,158,0,0,0,,0,0,0,0,0,0,94797269326,SUPPLIER7,,
8,14/12/08 09:22:48,94797269326,SUPPLIER7,0,0,0,5921630196068521,6125,OracHttp__12,,5,6,,0,0,,1,0,158,0,0,0,,0,0,0,0,0,0,94797269326,SUPPLIER7,,
8,14/12/08 09:22:48,94797269326,SUPPLIER7,0,0,0,5921630196069229,6125,OracHttp__12,,5,6,,0,0,,1,0,158,0,0,0,,0,0,0,0,0,0,94797269326,SUPPLIER7,,
8,14/12/08 09:22:48,94797269326,SUPPLIER7,0,0,0,5921630196069906,6125,OracHttp__12,,5,6,,0,0,,1,0,158,0,0,0,,0,0,0,0,0,0,94797269326,SUPPLIER7,,
8,14/12/08 09:22:48,94797269326,SUPPLIER7,0,0,0,5921630196070104,6125,OracHttp__12,,5,6,,0,0,,1,0,158,0,0,0,,0,0,0,0,0,0,94797269326,SUPPLIER7,,
8,14/12/08 09:22:48,94797269326,SUPPLIER7,0,0,0,5921630196070822,6125,OracHttp__12,,5,6,,0,0,,1,0,158,0,0,0,,0,0,0,0,0,0,94797269326,SUPPLIER7,,
8,14/12/08 09:22:48,94797269326,SUPPLIER7,0,0,0,5921630196209678,6125,OracHttp__12,,5,6,,0,0,,1,0,158,0,0,0,,0,0,0,0,0,0,94797269326,SUPPLIER7,,
8,14/12/08 09:22:48,94797269326,SUPPLIER7,0,0,0,5921630196376521,6125,OracHttp__12,,5,6,,0,0,,1,0,158,0,0,0,,0,0,0,0,0,0,94797269326,SUPPLIER7,,
8,14/12/08 09:22:48,94797269326,SUPPLIER7,0,0,0,5921630196384089,6125,OracHttp__12,,5,6,,0,0,,1,0,158,0,0,0,,0,0,0,0,0,0,94797269326,SUPPLIER7,,
8,14/12/08 09:22:48,94797269326,SUPPLIER7,0,0,0,5921630196384143,6125,OracHttp__12,,5,6,,0,0,,1,0,158,0,0,0,,0,0,0,0,0,0,94797269326,SUPPLIER7,,
8,14/12/08 09:22:48,94797269326,SUPPLIER7,0,0,0,5921630196391725,6125,OracHttp__12,,5,6,,0,0,,1,0,158,0,0,0,,0,0,0,0,0,0,94797269326,SUPPLIER7,,
8,14/12/08 09:22:48,94797269326,SUPPLIER7,0,0,0,5921630196392199,6125,OracHttp__12,,5,6,,0,0,,1,0,158,0,0,0,,0,0,0,0,0,0,94797269326,SUPPLIER7,,
8,14/12/08 09:22:48,94797269326,SUPPLIER7,0,0,0,5921630196392860,6125,OracHttp__12,,5,6,,0,0,,1,0,158,0,0,0,,0,0,0,0,0,0,94797269326,SUPPLIER7,,
8,14/12/08 09:22:48,94797269326,SUPPLIER7,0,0,0,5921630196399480,6125,OracHttp__12,,5,6,,0,0,,1,0,158,0,0,0,,0,0,0,0,0,0,94797269326,SUPPLIER7,,
8,14/12/08 09:22:48,94797269326,SUPPLIER7,0,0,0,5921630196400734,6125,OracHttp__12,,5,6,,0,0,,1,0,158,0,0,0,,0,0,0,0,0,0,94797269326,SUPPLIER7,,
8,14/12/08 09:22:48,94797269326,SUPPLIER7,0,0,0,5921630196407913,6125,OracHttp__12,,5,6,,0,0,,1,0,158,0,0,0,,0,0,0,0,0,0,94797269326,SUPPLIER7,,
8,14/12/08 09:22:48,94797269326,SUPPLIER7,0,0,0,5921630196408305,6125,OracHttp__12,,5,6,,0,0,,1,0,158,0,0,0,,0,0,0,0,0,0,94797269326,SUPPLIER7,,
8,14/12/08 09:22:48,94797269326,SUPPLIER7,0,0,0,5921630196408962,6125,OracHttp__12,,5,6,,0,0,,1,0,158,0,0,0,,0,0,0,0,0,0,94797269326,SUPPLIER7,,
8,14/12/08 09:22:48,94797269326,SUPPLIER7,0,0,0,5921630196432174,6125,OracHttp__12,,5,6,,0,0,,1,0,158,0,0,0,,0,0,0,0,0,0,94797269326,SUPPLIER7,,
8,14/12/08 09:22:48,94797269326,SUPPLIER7,0,0,0,5921630196432567,6125,OracHttp__12,,5,6,,0,0,,1,0,158,0,0,0,,0,0,0,0,0,0,94797269326,SUPPLIER7,,
8,14/12/08 09:22:48,94797269326,SUPPLIER7,0,0,0,5921630196432818,6125,OracHttp__12,,5,6,,0,0,,1,0,158,0,0,0,,0,0,0,0,0,0,94797269326,SUPPLIER7,,
8,14/12/08 09:22:48,94797269326,SUPPLIER7,0,0,0,5921630196433546,6125,OracHttp__12,,5,6,,0,0,,1,0,158,0,0,0,,0,0,0,0,0,0,94797269326,SUPPLIER7,,
8,14/12/08 09:22:48,94797269326,SUPPLIER7,0,0,0,5921630196448009,6125,OracHttp__12,,5,6,,0,0,,1,0,158,0,0,0,,0,0,0,0,0,0,94797269326,SUPPLIER7,,
8,14/12/08 09:22:48,94797269326,SUPPLIER7,0,0,0,5921630196448635,6125,OracHttp__12,,5,6,,0,0,,1,0,158,0,0,0,,0,0,0,0,0,0,94797269326,SUPPLIER7,,
8,14/12/08 09:22:48,94797269326,SUPPLIER7,0,0,0,5921630196456594,6125,OracHttp__12,,5,6,,0,0,,1,0,158,0,0,0,,0,0,0,0,0,0,94797269326,SUPPLIER7,,
8,14/12/08 09:22:48,94797269326,SUPPLIER7,0,0,0,5921630196457156,6125,OracHttp__12,,5,6,,0,0,,1,0,158,0,0,0,,0,0,0,0,0,0,94797269326,SUPPLIER7,,
8,14/12/08 09:22:48,94797269326,SUPPLIER7,0,0,0,5921630196456944,6125,OracHttp__12,,5,6,,0,0,,1,0,158,0,0,0,,0,0,0,0,0,0,94797269326,SUPPLIER7,,
8,14/12/08 09:22:48,94797269326,SUPPLIER7,0,0,0,5921630196457056,6125,OracHttp__12,,5,6,,0,0,,1,0,158,0,0,0,,0,0,0,0,0,0,94797269326,SUPPLIER7,,
8,14/12/08 09:22:48,94797269326,SUPPLIER7,0,0,0,5921630196472502,6125,OracHttp__12,,5,6,,0,0,,1,0,158,0,0,0,,0,0,0,0,0,0,94797269326,SUPPLIER7,,
8,14/12/08 09:22:48,94797269326,SUPPLIER7,0,0,0,5921630196472872,6125,OracHttp__12,,5,6,,0,0,,1,0,158,0,0,0,,0,0,0,0,0,0,94797269326,SUPPLIER7,,
8,14/12/08 09:22:48,94797269326,SUPPLIER7,0,0,0,5921630196480358,6125,OracHttp__12,,5,6,,0,0,,1,0,158,0,0,0,,0,0,0,0,0,0,94797269326,SUPPLIER7,,
8,14/12/08 09:22:48,94797269326,SUPPLIER7,0,0,0,5921630196480668,6125,OracHttp__12,,5,6,,0,0,,1,0,158,0,0,0,,0,0,0,0,0,0,94797269326,SUPPLIER7,,
8,14/12/08 09:22:48,94797269326,SUPPLIER7,0,0,0,5921630196487746,6125,OracHttp__12,,5,6,,0,0,,1,0,158,0,0,0,,0,0,0,0,0,0,94797269326,SUPPLIER7,,
8,14/12/08 09:22:48,94797269326,SUPPLIER7,0,0,0,5921630196488109,6125,OracHttp__12,,5,6,,0,0,,1,0,158,0,0,0,,0,0,0,0,0,0,94797269326,SUPPLIER7,,
8,14/12/08 09:22:48,94797269326,SUPPLIER7,0,0,0,5921630196495920,6125,OracHttp__12,,5,6,,0,0,,1,0,158,0,0,0,,0,0,0,0,0,0,94797269326,SUPPLIER7,,
8,14/12/08 09:22:48,94797269326,SUPPLIER7,0,0,0,5921630196496316,6125,OracHttp__12,,5,6,,0,0,,1,0,158,0,0,0,,0,0,0,0,0,0,94797269326,SUPPLIER7,,
8,14/12/08 09:22:48,94797269326,SUPPLIER7,0,0,0,5921630196505497,6125,OracHttp__12,,5,6,,0,0,,1,0,158,0,0,0,,0,0,0,0,0,0,94797269326,SUPPLIER7,,
8,14/12/08 09:22:48,94797269326,SUPPLIER7,0,0,0,5921630196506821,6125,OracHttp__12,,5,6,,0,0,,1,0,158,0,0,0,,0,0,0,0,0,0,94797269326,SUPPLIER7,,
8,14/12/08 09:22:48,94797269326,SUPPLIER7,0,0,0,5921630196506601,6125,OracHttp__12,,5,6,,0,0,,1,0,158,0,0,0,,0,0,0,0,0,0,94797269326,SUPPLIER7,,
8,14/12/08 09:22:48,94797269326,SUPPLIER7,0,0,0,5921630196506796,6125,OracHttp__12,,5,6,,0,0,,1,0,158,0,0,0,,0,0,0,0,0,0,94797269326,SUPPLIER7,,
8,14/12/08 09:22:48,94797269326,SUPPLIER7,0,0,0,5921630196507086,6125,OracHttp__12,,5,6,,0,0,,1,0,158,0,0,0,,0,0,0,0,0,0,94797269326,SUPPLIER7,,
8,14/12/08 09:22:48,94797269326,SUPPLIER7,0,0,0,5921630196524308,6125,OracHttp__12,,5,6,,0,0,,1,0,158,0,0,0,,0,0,0,0,0,0,94797269326,SUPPLIER7,,
8,14/12/08 09:22:48,94797269326,SUPPLIER7,0,0,0,5921630196524713,6125,OracHttp__12,,5,6,,0,0,,1,0,158,0,0,0,,0,0,0,0,0,0,94797269326,SUPPLIER7,,
8,14/12/08 09:22:48,94797269326,SUPPLIER7,0,0,0,5921630196524853,6125,OracHttp__12,,5,6,,0,0,,1,0,158,0,0,0,,0,0,0,0,0,0,94797269326,SUPPLIER7,,
8,14/12/08 09:22:48,94797269326,SUPPLIER7,0,0,0,5921630196525830,6125,OracHttp__12,,5,6,,0,0,,1,0,158,0,0,0,,0,0,0,0,0,0,94797269326,SUPPLIER7,,
8,14/12/08 09:22:48,94797269326,SUPPLIER7,0,0,0,5921630196525885,6125,OracHttp__12,,5,6,,0,0,,1,0,158,0,0,0,,0,0,0,0,0,0,94797269326,SUPPLIER7,,
8,14/12/08 09:22:48,94797269326,SUPPLIER7,0,0,0,5921630196526633,6125,OracHttp__12,,5,6,,0,0,,1,0,158,0,0,0,,0,0,0,0,0,0,94797269326,SUPPLIER7,,
8,14/12/08 09:22:48,94797269326,SUPPLIER7,0,0,0,5921630196525886,6125,OracHttp__12,,5,6,,0,0,,1,0,158,0,0,0,,0,0,0,0,0,0,94797269326,SUPPLIER7,,
8,14/12/08 09:22:48,94797269326,SUPPLIER7,0,0,0,5921630196550811,6125,OracHttp__12,,5,6,,0,0,,1,0,158,0,0,0,,0,0,0,0,0,0,94797269326,SUPPLIER7,,
8,14/12/08 09:22:48,94797269326,SUPPLIER7,0,0,0,5921630196550864,6125,OracHttp__12,,5,6,,0,0,,1,0,158,0,0,0,,0,0,0,0,0,0,94797269326,SUPPLIER7,,
8,14/12/08 09:22:48,94797269326,SUPPLIER7,0,0,0,5921630196551352,6125,OracHttp__12,,5,6,,0,0,,1,0,158,0,0,0,,0,0,0,0,0,0,94797269326,SUPPLIER7,,
8,14/12/08 09:22:48,94797269326,SUPPLIER7,0,0,0,5921630196551008,6125,OracHttp__12,,5,6,,0,0,,1,0,158,0,0,0,,0,0,0,0,0,0,94797269326,SUPPLIER7,,
8,14/12/08 09:22:48,94797269326,SUPPLIER7,0,0,0,5921630196551432,6125,OracHttp__12,,5,6,,0,0,,1,0,158,0,0,0,,0,0,0,0,0,0,94797269326,SUPPLIER7,,
8,14/12/08 09:22:48,94797269326,SUPPLIER7,0,0,0,5921630196551450,6125,OracHttp__12,,5,6,,0,0,,1,0,158,0,0,0,,0,0,0,0,0,0,94797269326,SUPPLIER7,,
8,14/12/08 09:22:48,94797269326,SUPPLIER7,0,0,0,5921630196551536,6125,OracHttp__12,,5,6,,0,0,,1,0,158,0,0,0,,0,0,0,0,0,0,94797269326,SUPPLIER7,,
8,14/12/08 09:22:48,94797269326,SUPPLIER7,0,0,0,5921630196551658,6125,OracHttp__12,,5,6,,0,0,,1,0,158,0,0,0,,0,0,0,0,0,0,94797269326,SUPPLIER7,,
8,14/12/08 09:22:48,94797269326,SUPPLIER7,0,0,0,5921630196560603,6125,OracHttp__12,,5,6,,0,0,,1,0,158,0,0,0,,0,0,0,0,0,0,94797269326,SUPPLIER7,,
8,14/12/08 09:22:48,94797269326,SUPPLIER7,0,0,0,5921630196561061,6125,OracHttp__12,,5,6,,0,0,,1,0,158,0,0,0,,0,0,0,0,0,0,94797269326,SUPPLIER7,,
8,14/12/08 09:22:48,94797269326,SUPPLIER7,0,0,0,5921630196561691,6125,OracHttp__12,,5,6,,0,0,,1,0,158,0,0,0,,0,0,0,0,0,0,94797269326,SUPPLIER7,,
8,14/12/08 09:22:48,94797269326,SUPPLIER7,0,0,0,5921630196562033,6125,OracHttp__12,,5,6,,0,0,,1,0,158,0,0,0,,0,0,0,0,0,0,94797269326,SUPPLIER7,,
8,14/12/08 09:22:48,94797269326,SUPPLIER7,0,0,0,5921630196562869,6125,OracHttp__12,,5,6,,0,0,,1,0,158,0,0,0,,0,0,0,0,0,0,94797269326,SUPPLIER7,,
8,14/12/08 09:22:48,94797269326,SUPPLIER7,0,0,0,5921630196568187,6125,OracHttp__12,,5,6,,0,0,,1,0,158,0,0,0,,0,0,0,0,0,0,94797269326,SUPPLIER7,,
8,14/12/08 09:22:48,94797269326,SUPPLIER7,0,0,0,5921630196569328,6125,OracHttp__12,,5,6,,0,0,,1,0,158,0,0,0,,0,0,0,0,0,0,94797269326,SUPPLIER7,,
8,14/12/08 09:22:48,94797269326,SUPPLIER7,0,0,0,5921630196569511,6125,OracHttp__12,,5,6,,0,0,,1,0,158,0,0,0,,0,0,0,0,0,0,94797269326,SUPPLIER7,,
8,14/12/08 09:22:48,94797269326,SUPPLIER7,0,0,0,5921630196576367,6125,OracHttp__12,,5,6,,0,0,,1,0,158,0,0,0,,0,0,0,0,0,0,94797269326,SUPPLIER7,,
8,14/12/08 09:22:48,94797269326,SUPPLIER7,0,0,0,5921630196576342,6125,OracHttp__12,,5,6,,0,0,,1,0,158,0,0,0,,0,0,0,0,0,0,94797269326,SUPPLIER7,,
8,14/12/08 09:22:48,94797269326,SUPPLIER7,0,0,0,5921630196576541,6125,OracHttp__12,,5,6,,0,0,,1,0,158,0,0,0,,0,0,0,0,0,0,94797269326,SUPPLIER7,,
8,14/12/08 09:22:48,94797269326,SUPPLIER7,0,0,0,5921630196599882,6125,OracHttp__12,,5,6,,0,0,,1,0,158,0,0,0,,0,0,0,0,0,0,94797269326,SUPPLIER7,,
8,14/12/08 09:22:48,94797269326,SUPPLIER7,0,0,0,5921630196600292,6125,OracHttp__12,,5,6,,0,0,,1,0,158,0,0,0,,0,0,0,0,0,0,94797269326,SUPPLIER7,,
8,14/12/08 09:22:48,94797269326,SUPPLIER7,0,0,0,5921630196600515,6125,OracHttp__12,,5,6,,0,0,,1,0,158,0,0,0,,0,0,0,0,0,0,94797269326,SUPPLIER7,,
8,14/12/08 09:22:48,94797269326,SUPPLIER7,0,0,0,5921630196608117,6125,OracHttp__12,,5,6,,0,0,,1,0,158,0,0,0,,0,0,0,0,0,0,94797269326,SUPPLIER7,,
8,14/12/08 09:22:48,94797269326,SUPPLIER7,0,0,0,5921630196608650,6125,OracHttp__12,,5,6,,0,0,,1,0,158,0,0,0,,0,0,0,0,0,0,94797269326,SUPPLIER7,,
8,14/12/08 09:22:48,94797269326,SUPPLIER7,0,0,0,5921630196615762,6125,OracHttp__12,,5,6,,0,0,,1,0,158,0,0,0,,0,0,0,0,0,0,94797269326,SUPPLIER7,,
8,14/12/08 09:22:48,94797269326,SUPPLIER7,0,0,0,5921630196616959,6125,OracHttp__12,,5,6,,0,0,,1,0,158,0,0,0,,0,0,0,0,0,0,94797269326,SUPPLIER7,,
8,14/12/08 09:22:48,94797269326,SUPPLIER7,0,0,0,5921630196617354,6125,OracHttp__12,,5,6,,0,0,,1,0,158,0,0,0,,0,0,0,0,0,0,94797269326,SUPPLIER7,,
8,14/12/08 09:22:48,94797269326,SUPPLIER7,0,0,0,5921630196618178,6125,OracHttp__12,,5,6,,0,0,,1,0,158,0,0,0,,0,0,0,0,0,0,94797269326,SUPPLIER7,,
8,14/12/08 09:22:48,94797269326,SUPPLIER7,0,0,0,5921630196632128,6125,OracHttp__12,,5,6,,0,0,,1,0,158,0,0,0,,0,0,0,0,0,0,94797269326,SUPPLIER7,,